Config file - DO NOT CHANGE ANYTHING IN THIS FILE!!!
Any changes you wish to make can be made within the Jned program. Changing anything directly here can have bizarre, unforseeable and potentially irreversable consequences.

&Data start
$classic b#grid#256#372;276;0;0;24;3;true;true@96;96;12;12;24;3;true;true@96;96;60;60;24;3;true;true#
$classic n#grid#257#372;276;0;0;24;3;true;true@96;96;84;84;24;3;true;true@96;96;36;36;24;3;true;true#
$classic m#grid#258#372;276;0;0;24;3;true;true@48;48;12;12;24;3;true;true@48;48;36;36;24;3;true;true#
$classic f#grid#259#372;276;0;0;24;3;true;false@360;264;0;0;24;3;true;true@384;288;168;120;24;0;false;true#
$classic g#grid#260#372;276;0;0;24;3;true;false@360;264;0;0;24;3;true;true@96;96;72;72;24;3;false;true#
$classic h#grid#261#372;276;0;0;24;3;true;false@360;264;0;0;24;3;true;true@96;96;0;0;24;3;false;true#
$classic j#grid#262#372;276;0;0;24;3;true;false@360;264;0;0;24;3;true;true@96;96;24;24;24;3;false;true#
$classic k#grid#263#360;264;0;0;24;3;true;true@96;96;12;12;24;3;true;false@96;96;48;48;24;3;false;true#
$classic l#grid#264#360;264;0;0;24;3;true;true@48;48;24;24;24;3;true;true@48;48;0;00;24;3;true;true#
$classic x#snap#265#12;12;0;0;0;0;true;true#
$classic c#snap#266#6;6;0;0;0;0;true;true#
$default#keys##5,1;9,2;29,11,31;30,12,32;31,13,33;32,14,34;33,15,35;34,16,36;35,17,38;36,18,39;28,22;37,21;25,23;73,24;71,25;53,26;59,27;60,28;41,29;12,37;61,41;67,42,48;45,43,47;63,44,46;48,45,19;49,20;0,3;4,10;76,2;90,1;269,54;275,57;257,53;253,56;271,58;256,55;276,59;62,62;64,61;69,65;65,64;486,4;484,6;463,7;482,8;485,5;16,66;14,67;13,68;19,69;20,70;17,71;18,72;66,75;70,78;26,81;46,256;58,257;57,258;50,259;51,260;52,261;54,262;55,263;56,264;68,265;47,266;634,9#
$custom#keys#custom#0,3;4,10;5,1;9,2;12,37;13,68;14,67;16,66;17,71;18,72;19,69;20,70;25,23;26,81;28,22;29,11,31;30,12,32;31,13,33;32,14,34;33,15,35;34,16,36;35,17,38;36,18,39;37,21;41,29;45,43,47;46,256;47,266;48,45,19;49,20;50,259;51,260;52,261;53,26;54,262;55,263;56,264;57,258;58,257;59,27;60,28;61,41;62,62;63,44,46;64,61;65,64;66,75;67,42,48;68,265;69,65;70,78;71,25;73,24;76,2;90,1;253,56;256,55;257,53;269,54;271,58;275,57;276,59;463,7;482,8;484,6;485,5;486,4;634,9#
$fpath#path##D:\Master Backup\Main\Projects\Java Projects\Jned\userlevels.txt#